V. 5 : AREA, YIELD AND PRODUCTION OF RICE - SEASON WISE, DISTRICTWISE 2019-20

                                AREA (in Ha.)                                PRODUCTION (in Tonnes)              PRODUCTIVITY (Kg/ Ha)

S. NO. DISTRICT         Kar/     Samba /    Navarai/  Total         Kar/      Samba /    Navarai/    Total        Kar/      Samba /    Nava-     Total
                     Kuruvai/    Thaladi /   Kodai               Kuruvai/     Thaladi /   Kodai                  Kuru-      Thaladi /   rai/
 1 Chennai            Sorna-    Pishanam                          Sorna-     Pishanam                              vai/
 2 Kancheepuram                                                                                                  Sorna-      Pisha-    Kodai
 3 Chengalpat           vari                                        vari                                           vari        nam
 4 Thiruvallur
 5 Cuddallore             20           90          9        119           -           -           -           -          -  -                 -         -
 6 Villupuram         4,421      15,284     18,786     38,491     22,705      78,277     101,977     202,959
 7 KallakurichI       5,140      15,846     27,852     48,838     26,030      75,099     129,248     230,377     5,132      5,120 5,428 5,271
 8 Vellore           18,297      51,567     26,745     96,609     90,737     207,074     121,916     419,727
 9 Ranipet           34,829      89,245               132,151    137,820     325,393                 495,309     5,064      4,739 4,640 4,717
 10 Thirupathur       5,245      70,339      8,077    106,044     23,867     297,489      32,096     444,632
 11 Thiruvannamalai   1,764      42,520     30,460     57,249                170,562     123,276     237,251     4,955      4,009 4,557 4,340
 12 Salem                                   12,965                  7,720
 13 Namakkal             962       2,079                 7,594      3,948       7,567     58,969      31,107     3,957      3,646 3,974 3,748
 14 Dharmapuri        3,713        9,193     4,553     33,421     17,373      41,492      19,592     155,911
 15 Krishnagiri                    2,929    20,515                  1,215     10,662      97,046      17,596     4,550      4,229 4,047 4,193
 16 Coimbatore           296     88,153                  4,554    46,903     382,922                 689,469
 17 Thiruppur        11,356      15,141      1,329    161,679       1,211     65,898        5,719     84,593     4,376      4,011 4,548 4,144
18 Erode                           9,103    62,170                  2,495     41,616     259,644      47,734
19 Tiruchirapalli        295     13,229                19,590                 56,481                  67,791     4,104      3,641 4,303 4,097
20 Karur                 608     14,019      4,154     10,553           38    63,317      17,484     110,688
21 Perambalur                                   842    15,812     14,195                    3,623                4,679      4,513 4,730 4,665
22 Ariyalur                 8        733               23,568                   2,667     11,272        3,219
23 Pudukottai         2,922        9,185     2,575                      48    44,903                  47,760     4,104      3,641 4,303 3,864
24 Thanjavur                     26,756      6,627         861            -  124,038      33,176     157,592
25 Thiruvarur              11    43,131                  9,849               179,810          504    210,142     4,130      4,344 4,176 4,264
                             -   10,862         117    34,567       1,257     37,843                  38,997
                                   3,710        664    49,623     18,508      16,448        2,857     26,988     4,104      4,352 4,209 4,318
                         306     20,379      7,505     11,130                 79,599      32,297      89,656
                      3,522      79,902      2,970       6,162            -  246,039      11,824     273,188     4,104      4,572 4,303 4,523
                                135,102         268    23,224         247    494,543                 715,112
                             -  148,477      2,392     87,809       8,348    527,607        1,154    659,279     4,733      4,269 4,378 4,287
                          60                    397   192,231     15,182                  10,293
                      2,448                  3,835    180,900    139,259                                         4,857      4,516 5,007 4,697
                      4,072                 20,044                89,389                    1,709
                     37,085                  9,738                                        11,967                 4,104      3,641 4,303 3,737
                     22,685                                                               81,310
                                                                                          42,283                         -  4,889 4,303 4,849

                                                                                                                 4,104      4,636 4,303 4,559

                                                                                                                 5,254      4,169 3,981 4,235

                                                                                                                         -  3,484 4,303 3,504

                                                                                                                 4,104      4,434 4,303 4,380

                                                                                                                 3,410      3,906 4,303 3,861

                                                                                                                 3,728      3,079 3,121 3,111

                                                                                                                 3,755      3,661 4,057 3,720

                                                                                                                 3,940      3,553 4,342 3,644
                 V. 5 : AREA, YIELD AND PRODUCTION OF RICE - SEASON WISE, DISTRICTWISE 2019-20

                          AREA (in Ha.)                         PRODUCTION (in Tonnes)                 PRODUCTIVITY (Kg/ Ha)

S. DISTRICT Kuruvai/ Navarai/ Kar/ Samba /               Kar/   Samba /     Navarai/              Kar/     Samba /    Nava-
                                                      Kuruvai/                                   Kuru-     Thaladi /
NO. Sorna- Thaladi / Kodai Total Sorna- Thaladi / Kodai Total vai/ Pisha- rai/ Total
                   vari Pishanam                      vari Pishanam                              Sorna- nam Kodai
                                                                                                 vari

26 Nagapattinam    36,665 132,169        388 169,222 140,038 416,902        1,669 558,609 3,819            3,154 4,303 3,301

27 Madurai         658    32,096   7,714      40,468  2,699 134,887         28,330       165,916 4,104     4,203 3,673 4,100

28 Theni           641    6,618    1,671      8,930   2,633     26,844      7,191        36,668 4,104      4,056 4,303 4,106

29 Dindigul        217    3,424    4,499      8,140   891       14,468      21,577       36,936 4,104      4,225 4,796 4,537

30 Ramanathapuram  - 127,288             - 127,288    - 321,481                       - 321,481         -  2,526             - 2,526

31 Virudhunagar    151    19,755   4,586      24,492  618       64,568      17,595       82,781 4,104      3,268 3,837 3,380

32 Sivagangai      131    69,423         817  70,371  537 184,267           3,512 188,316 4,104            2,654 4,303 2,676

33 Tirunelveli     930    17,599 21,276       39,805  4,116     76,591      87,356       168,063 4,428     4,352 4,106 4,222

34 Tenkasi         1,366  25,538 12,500       39,404  5,346     97,842      44,117 147,305 3,915           3,831 3,529 3,738

35 Thoothukudi     497    4,121 10,901        15,519  2,041     15,207      40,259       57,507 4,104      3,690 3,693 3,705

36 The Nilgiris    170    -              -    170     698                -            -  698 4,104         -                 - 4,104

37 Kanyakumari     5,044  5,877          49   10,970 19,580     24,012      212          43,804 3,882      4,086 4,303 3,993

STATE              206,535 1,360,882 339,990 1,907,407 847,692 4,954,415 1,463,054 7,265,161 4,104         3,641 4,303 3,809
